425666141802496,425666208911360
425724241301504,425725218574336
425731392589824,425731392589825
425747028955136,425746936680448
425771171368960,425771230089216
425782072365057,425782072365056
425865685815296,425865681620992
425886854467584,425887873683456
425939232935936,425939354570752
425953111887872,425953007030272
425958916804608,425958920998912
425979754106880,425979749912576
425984908906496,425985017958400
426009101651968,426010011815936
426040835756032,426040835756033
426050117750784,426049811566592
426059122921472,426059865313280
426062897795072,426065359851520
426092618633216,426092304060416
426096968126464,426097064595456
426106686328832,426106757632000
426141817819136,426141968814080
426146238615552,426146154729472
426164987154432,426165217841152
426238576218112,426238324559872
426272864653312,426273028231168
426281743994880,426281660108800
426381723619328,426381853642752
426410819506176,426410630762496
426421422706688,426421162659840
426426371985408,426426476843008
426448798928896,426448803123200
426467560050688,426467337752576
426482152034304,426483557126144
426486639939584,426488074391552
426491295617024,426493090779136
426504033718272,426504029523968
426512824979456,426512653012992
426558781968384,426559193010176
426587324207104,426587378733056
426622220816384,426622212427776
426650469453824,426650372984832
426663572459520,426663861866496
426667653517312,426667980673024
426688213995520,426689405177856
426692320219136,426694539005952
426696485163008,426699135963136
426700562026496,426702868893696
426705117040640,426708384403456
426737790668800,426740001067008
426766953664512,426767087882240
426772288819200,426773224148992
426832917483520,426833085255680
426864332820480,426864286683136
426869911244800,426869907050496
426875439337472,426875338674176
426880212455424,426880115986432
426885157539840,426885467918336
426899762106368,426899904712704
426917889888256,426919584387072
426922440708096,426924634329088
426937234018304,426937162715136
426961355460608,426961653256192
426970620678145,426970620678144,426970620678146
427010160381952,427010349125632,427010323959808
427043882586112,427045832937472
427077860642816,427077818699776
427110853038080,427110861426688,427110861426689
427120378302464,427120378302465
427124962676736,427126640398336
427144545882112,427144592019456
427188229558272,427188229558273
427236476637184,427239026774016
427241694351360,427242755510272
427245636997120,427247050477568
427261713764352,427262141583360
427267510292480,427267694841857,427267694841856
427296371298304,427296719425536
427313752494080,427313752494081,427313626664960
427318827601920,427318924070913,427318924070912
427338440167424,427339526492160
427343972454400,427343875985408
427376520253440,427376830631936,427376520253441
427393029033985,427392437637120
427416097705984,427416357752832
427425316786176,427427648819200
427432635846656,427432631652352
427443377459200,427444333760512
427457575178240,427458191740928
427476004950016,427478014021632
427483634388992,427485991587840
427488390729728,427490647265280
427493453254656,427493293871104,427495600738304
427518073819136,427519038509056
427523438333952,427524348497920
427536411316224,427536407121920,427536411316225
427542061043712,427542170095617,427542170095616
427547773685760,427547773685761,427547752714240
427567403028480,427569617620992
427573304414208,427575812608000
427584255741952,427587514716160
427590106796032,427591755157504
427639989653504,427641013063680
427655860899840,427656678789120
427682561839105,427682389872640
427692972101632,427692896604160
427703155871744,427703243952128,427703332032512
427732956401664,427733065453568
427746097156096,427746092961792,427746839547904
427762723377152,427762744348672
427767102230528,427767240642560
427776690409472,427776833015808,427776644272128
427787885006848,427787939532800
427792125448192,427792305803264
427810924318720,427812291661824
427816343359488,427817278689280
427848580780032,427848580780033
427917333811200,427918373998592
427942801625088,427943082643456
427963928334336,427963932528640,427963932528641
427989232570369,427989232570368
427993418485760,427993628200960,427993628200961
428000670437376,428000867569665
428009377812480,428010501885952
428031930585088,428031842504704
428040696680448,428040700874753,428040700874752
428046455459840,428046233161728,428046451265536
428056760864768,428056681172992
428061307490304,428062490284032
428070644011008,428073265451008
428076339875840,428077854019584
428093410693121,428094006284288
428108543741952,428108745068544,428108745068545
428114080223232,428114319298560,428114461904896
428119386017792,428119205662720
428125211906048,428124939276288,428125467758592
428147479465984,428148469321728
428153812865024,428153909334016
428163023556608,428166030872576
428167347884032,428170527166464
428211035754496,428212843499521,428212625395712,428212843499520
428239603159040,428240748204032,428240865644544
428258490109952,428258641104898,428258641104897
428274843701248,428274524934144
428302148620288,428303901839360
428315025133568,428316765769728
428332666376192,428332775428096,428333819809792
428344611753984,428344364290048,428344238460928,428344804691968
428376807231488,428376958226432
428382788308992,428383098687489
428386881949696,428387569815552
428403428478976,428406968471552
428414836985856,428419513634816
428426237104128,428428975984640
428432205598720,428433937846272
428437461061632,428437163266048,428437184237568,428438811627520
428457102987264,428457107181570,428457107181568,428457107181569
428462392004608,428462907904000,428463427997696
428504209215488,428505136156672
428525352701952,428525738577920,428526170591232,428526225117184
428542557736960,428542872309760,428543451123712
428573792718848,428573796913154
428580293890048,428580583297025,428580587491328,428580583297024
428609494634496,428610362855424,428610257997824
428614339055616,428614343249920
428626351542272,428626338959360
428632764633088,428635293798400
428650649145344,428650649145345,428650758197249
428655007027200,428656256929792
428660468011008,428660468011009
428676456697856,428677303947264
428684484595712,428684081942528
428718114525184,428719641251841,428719641251840,428719536394240
428728084385792,428733033664512
428752734310400,428753296347138,428753296347136,428753296347137
428759453585408,428759482945536,428759923347456,428759482945537
428765833121793,428765824733184,428765711486976,428765833121792
428780479631360,428782337708032
428794769625088,428794857705473,428794857705472
428828886093826,428828886093824,428828881899520,428828886093825
428861207400450,428861207400449,428861769437184
428901745348608,428901745348609,428901741154304,428901632102400
428915024515072,428915024515073,428915024515074
428920259006464,428920632299520
428925887762432,428925891956736
428957064024065,428956908834816
428962059440129,428962667614208
428975112114176,428975049199616,428975053393920,428975053393921
428980656984064,428980661178368,428980380160000
428985182638080,428987925712896
428991075635200,428992338120704
428995362213888,428996725362688
429005113970688,429008079343617
429011111825408,429012856655872
429023656988672,429024697176064
429050039160832,429050047549440,429050110464000